P99 Latency Baseline Report
===========================
Date: 2026-03-16
Samples: 200
Min: 8.904µs
Mean: 568.712µs
P50: 596.43µs
P90: 1.136886ms
P99: 1.515684ms
Max: 1.539618ms
